1.788854381999831766e-01 1.069408633396622538e-01 2.504396134799764546e-03 2.179253962327475005e-03
2.049390153191919806e-01 1.226325556451838689e-01 3.893841291064647527e-03 3.404938776119182959e-03
2.190890230020664520e-01 1.311743820215444112e-01 6.134492644057860933e-03 5.537168331745026713e-03
2.387467277262664556e-01 1.430660161305413458e-01 9.788615836776924303e-03 9.015649431090363639e-03
2.489979919597746505e-01 1.492796745365112254e-01 1.294789558190828117e-02 1.207102425342273903e-02
2.701851217221258872e-01 1.621506281350956480e-01 2.080425437260369215e-02 1.968395878389506831e-02
2.828427124746190069e-01 1.698594939203575682e-01 2.602152954766494969e-02 2.473629226218028096e-02
2.966479394838265060e-01 1.782849369930765426e-01 3.322456922218856856e-02 3.174180416147261152e-02
3.065941943351178089e-01 1.843671075461242592e-01 4.047043365223555039e-02 3.883346592984149304e-02
3.209361307176242240e-01 1.931555386468544189e-01 4.974510026123175194e-02 4.786749552208136027e-02
3.633180424916990225e-01 2.192615666804383912e-01 7.920333326319038691e-02 7.647931990780462708e-02
3.794733192202054961e-01 2.292698864278083781e-01 1.051141094239969320e-01 1.020103212514310298e-01
3.937003937005905674e-01 2.381115729116919655e-01 1.086613086613630041e-01 1.051951703952229977e-01
3.987480407475377242e-01 2.412550055911316382e-01 1.176306720205236162e-01 1.140294987149244599e-01
4.183300132670377813e-01 2.534828882390288696e-01 1.409772144709917352e-01 1.368190141391173731e-01
4.449719092257398145e-01 2.702075899784572854e-01 1.730940726888128001e-01 1.680897406088964485e-01
4.560701700396551650e-01 2.772060167605509551e-01 1.847084188660603477e-01 1.793202234491438340e-01
4.816637831516918378e-01 2.934187874272680685e-01 2.268636418644468522e-01 2.205164691955871226e-01
5.157518783291050735e-01 3.151805114634453897e-01 2.743799992710839186e-01 2.665876072917851558e-01
5.329165037789690418e-01 3.262148189580248436e-01 3.026965741464544002e-01 2.940999914406950966e-01
5.718391382198318995e-01 3.514372377966596961e-01 3.711236007046709307e-01 3.605024892870310471e-01
5.718391382198318995e-01 3.514372377966596961e-01 3.659770484606924001e-01 3.553559370430525166e-01
6.082762530298219117e-01 3.753161805394485961e-01 4.391754546875313858e-01 4.263919209538566402e-01
6.244997998398398309e-01 3.860358002705966407e-01 4.646278510808408146e-01 4.507939315147886927e-01
6.340346993658942942e-01 3.923619755335140957e-01 4.888407532111045395e-01 4.743634584996634374e-01
6.618156843109719301e-01 4.109070631699013321e-01 5.433506768193079317e-01 5.268857614987458859e-01
6.855654600401044352e-01 4.268988697051328551e-01 5.950708193148106506e-01 5.767689637935800029e-01
7.218032973047435741e-01 4.515549458101069669e-01 6.734424763853258389e-01 6.520822957688460209e-01
7.402702209328698713e-01 4.642429986808352949e-01 7.195426547467494993e-01 6.965007077419046455e-01
7.924645102463580004e-01 5.005763741731210636e-01 8.305028067381832191e-01 8.022352806718915375e-01
8.136338242723196723e-01 5.155196928730605421e-01 8.852336008082838381e-01 8.546396672015257323e-01
8.854377448471462131e-01 5.671505012322364259e-01 1.066952482540811209e+00 1.027522877237474042e+00
8.916277250063504578e-01 5.716724656541716243e-01 1.076194664082665176e+00 1.035932322532278516e+00
9.690201236300512999e-01 6.292188757813440558e-01 1.293641865046118555e+00 1.241958982948285106e+00
9.772410142846031933e-01 6.354451060924775074e-01 1.328070538412775781e+00 1.275061076833921669e+00
1.007472083980494260e+00 6.585361426380179628e-01 1.414490805908613869e+00 1.356408025322970445e+00
1.020294075254776667e+00 6.684240331687715253e-01 1.453919057238056700e+00 1.393590292921132123e+00
1.059716943339116479e+00 6.991868270647196848e-01 1.603351735272083189e+00 1.535756206437477012e+00
